STAAD,SPACE
TITLE,
date,18-Jul-16
JOB NAME,
JOB CLIENT,
JOB NO,
JOB COMMENT,
CHECKER NAME,
ENGINEER NAME,
APPROVED NAME,
CHECKER DATE,
JOB REF,
JOB PART,
JOB REV,
APPROVED DATE,
width, 79

unit, METER KN
JOINT COORDINATES:
joint id , x cooordinates, y coordinates, z coordinates  support
1,0,0,0,FREE,0,0,0,0,0,0
2,5.00001,0,0,FREE,0,0,0,0,0,0
3,10,0,0,FREE,0,0,0,0,0,0
4,15,0,0,FREE,0,0,0,0,0,0
5,15,0,4.00001,FREE,0,0,0,0,0,0
6,15,0,8.00002,FREE,0,0,0,0,0,0
7,15,0,12,FREE,0,0,0,0,0,0
8,10,0,12,FREE,0,0,0,0,0,0
10,0,0,12,FREE,0,0,0,0,0,0
11,5.00001,0,12,FREE,0,0,0,0,0,0
12,0,0,8.00002,FREE,0,0,0,0,0,0
13,0,0,4.00001,FREE,0,0,0,0,0,0
14,5.00001,0,4.00001,FREE,0,0,0,0,0,0
15,10,0,4.00001,FREE,0,0,0,0,0,0
16,10,0,8.00002,FREE,0,0,0,0,0,0
17,5.00001,0,8.00002,FREE,0,0,0,0,0,0
18,0,4.00001,0,FREE,0,0,0,0,0,0
19,5.00001,4.00001,0,FREE,0,0,0,0,0,0
20,10,4.00001,0,FREE,0,0,0,0,0,0
21,15,4.00001,0,FREE,0,0,0,0,0,0
22,15,4.00001,4.00001,FREE,0,0,0,0,0,0
23,15,4.00001,8.00002,FREE,0,0,0,0,0,0
24,15,4.00001,12,FREE,0,0,0,0,0,0
25,10,4.00001,12,FREE,0,0,0,0,0,0
26,5.00001,4.00001,12,FREE,0,0,0,0,0,0
27,0,4.00001,12,FREE,0,0,0,0,0,0
28,0,4.00001,8.00002,FREE,0,0,0,0,0,0
29,0,4.00001,4.00001,FREE,0,0,0,0,0,0
30,5.00001,4.00001,4.00001,FREE,0,0,0,0,0,0
31,10,4.00001,4.00001,FREE,0,0,0,0,0,0
32,10,4.00001,8.00002,FREE,0,0,0,0,0,0
33,5.00001,4.00001,8.00002,FREE,0,0,0,0,0,0
34,0,10,0,FREE,0,0,0,0,0,0
35,5.00001,10,0,FREE,0,0,0,0,0,0
36,10,10,0,FREE,0,0,0,0,0,0
37,15,10,0,FREE,0,0,0,0,0,0
38,15,10,4.00001,FREE,0,0,0,0,0,0
39,15,10,8.00002,FREE,0,0,0,0,0,0
40,15,10,12,FREE,0,0,0,0,0,0
41,10,10,12,FREE,0,0,0,0,0,0
42,5.00001,10,12,FREE,0,0,0,0,0,0
43,0,10,12,FREE,0,0,0,0,0,0
44,0,10,8.00002,FREE,0,0,0,0,0,0
45,0,10,4.00001,FREE,0,0,0,0,0,0
46,5.00001,10,4.00001,FREE,0,0,0,0,0,0
47,10,10,4.00001,FREE,0,0,0,0,0,0
48,10,10,8.00002,FREE,0,0,0,0,0,0
49,5.00001,10,8.00002,FREE,0,0,0,0,0,0
50,0,18,0,FREE,0,0,0,0,0,0
51,5.00001,18,0,FREE,0,0,0,0,0,0
52,10,18,0,FREE,0,0,0,0,0,0
53,15,18,0,FREE,0,0,0,0,0,0
54,15,18,4.00001,FREE,0,0,0,0,0,0
55,15,18,8.00002,FREE,0,0,0,0,0,0
56,15,18,12,FREE,0,0,0,0,0,0
57,10,18,12,FREE,0,0,0,0,0,0
58,5.00001,18,12,FREE,0,0,0,0,0,0
59,0,18,12,FREE,0,0,0,0,0,0
60,0,18,8.00002,FREE,0,0,0,0,0,0
61,0,18,4.00001,FREE,0,0,0,0,0,0
62,5.00001,18,4.00001,FREE,0,0,0,0,0,0
63,10,18,4.00001,FREE,0,0,0,0,0,0
64,10,18,8.00002,FREE,0,0,0,0,0,0
65,5.00001,18,8.00002,FREE,0,0,0,0,0,0
66,0,28.0001,0,FREE,0,0,0,0,0,0
67,5.00001,28.0001,0,FREE,0,0,0,0,0,0
68,10,28.0001,0,FREE,0,0,0,0,0,0
69,15,28.0001,0,FREE,0,0,0,0,0,0
70,15,28.0001,4.00001,FREE,0,0,0,0,0,0
71,15,28.0001,8.00002,FREE,0,0,0,0,0,0
72,15,28.0001,12,FREE,0,0,0,0,0,0
73,10,28.0001,12,FREE,0,0,0,0,0,0
74,5.00001,28.0001,12,FREE,0,0,0,0,0,0
75,0,28.0001,12,FREE,0,0,0,0,0,0
76,0,28.0001,8.00002,FREE,0,0,0,0,0,0
77,0,28.0001,4.00001,FREE,0,0,0,0,0,0
78,5.00001,28.0001,4.00001,FREE,0,0,0,0,0,0
79,10,28.0001,4.00001,FREE,0,0,0,0,0,0
80,10,28.0001,8.00002,FREE,0,0,0,0,0,0
81,5.00001,28.0001,8.00002,FREE,0,0,0,0,0,0
MEMBER INCIDENCES:
member id ,beta,joint id ,joint id , .... 
27,0,None,18,19,
28,0,None,19,20,
29,0,None,20,21,
30,0,None,21,22,
31,0,None,22,23,
32,0,None,23,24,
33,0,None,24,25,
34,0,None,25,26,
35,0,None,27,26,
36,0,None,27,28,
37,0,None,28,29,
38,0,None,29,18,
39,0,None,30,31,
40,0,None,31,32,
41,0,None,32,33,
42,0,None,29,30,
43,0,None,30,33,
44,0,None,33,26,
45,0,None,32,25,
46,0,None,31,22,
47,0,None,32,23,
48,0,None,19,30,
49,0,None,20,31,
50,0,None,28,33,
51,0,None,1,18,
52,0,None,2,19,
53,0,None,3,20,
54,0,None,4,21,
55,0,None,5,22,
56,0,None,6,23,
57,0,None,7,24,
58,0,None,8,25,
59,0,None,10,27,
60,0,None,11,26,
61,0,None,12,28,
62,0,None,13,29,
63,0,None,14,30,
64,0,None,15,31,
65,0,None,16,32,
66,0,None,17,33,
67,0,None,34,35,
68,0,None,35,36,
69,0,None,36,37,
70,0,None,37,38,
71,0,None,38,39,
72,0,None,39,40,
73,0,None,40,41,
74,0,None,41,42,
75,0,None,43,42,
76,0,None,43,44,
77,0,None,44,45,
78,0,None,45,34,
79,0,None,46,47,
80,0,None,47,48,
81,0,None,48,49,
82,0,None,45,46,
83,0,None,46,49,
84,0,None,49,42,
85,0,None,48,41,
86,0,None,47,38,
87,0,None,48,39,
88,0,None,35,46,
89,0,None,36,47,
90,0,None,44,49,
91,0,None,50,51,
92,0,None,51,52,
93,0,None,52,53,
94,0,None,53,54,
95,0,None,54,55,
96,0,None,55,56,
97,0,None,56,57,
98,0,None,57,58,
99,0,None,59,58,
100,0,None,59,60,
101,0,None,60,61,
102,0,None,61,50,
103,0,None,62,63,
104,0,None,63,64,
105,0,None,64,65,
106,0,None,61,62,
107,0,None,62,65,
108,0,None,65,58,
109,0,None,64,57,
110,0,None,63,54,
111,0,None,64,55,
112,0,None,51,62,
113,0,None,52,63,
114,0,None,60,65,
115,0,None,66,67,
116,0,None,67,68,
117,0,None,68,69,
118,0,None,69,70,
119,0,None,70,71,
120,0,None,71,72,
121,0,None,72,73,
122,0,None,73,74,
123,0,None,75,74,
124,0,None,75,76,
125,0,None,76,77,
126,0,None,77,66,
127,0,None,78,79,
128,0,None,79,80,
129,0,None,80,81,
130,0,None,77,78,
131,0,None,78,81,
132,0,None,81,74,
133,0,None,80,73,
134,0,None,79,70,
135,0,None,80,71,
136,0,None,67,78,
137,0,None,68,79,
138,0,None,76,81,
139,0,None,18,34,
140,0,None,34,50,
141,0,None,50,66,
142,0,None,19,35,
143,0,None,35,51,
144,0,None,51,67,
145,0,None,20,36,
146,0,None,36,52,
147,0,None,52,68,
148,0,None,21,37,
149,0,None,37,53,
150,0,None,53,69,
151,0,None,22,38,
152,0,None,38,54,
153,0,None,54,70,
154,0,None,23,39,
155,0,None,39,55,
156,0,None,55,71,
157,0,None,24,40,
158,0,None,40,56,
159,0,None,56,72,
160,0,None,25,41,
161,0,None,41,57,
162,0,None,57,73,
163,0,None,26,42,
164,0,None,42,58,
165,0,None,58,74,
166,0,None,27,43,
167,0,None,43,59,
168,0,None,59,75,
169,0,None,28,44,
170,0,None,44,60,
171,0,None,60,76,
172,0,None,29,45,
173,0,None,45,61,
174,0,None,61,77,
175,0,None,30,46,
176,0,None,46,62,
177,0,None,62,78,
178,0,None,31,47,
179,0,None,47,63,
180,0,None,63,79,
181,0,None,32,48,
182,0,None,48,64,
183,0,None,64,80,
184,0,None,33,49,
185,0,None,49,65,
186,0,None,65,81,
material definition:
name,ISOTROPIC CONCRETE
E,2.17184e+07
poisson,0.17
density,23.6158
alpha,5e-06
damp,0.05
type,CONCRETE
strength,FCU 27578.9
G,9.8
MEMBER PROPERTY 
country,TYPE, YD, ZD, Member,  Member, Member, ...... 
,PRIS,0.5,0.25,27,28,29,30,31,32,33,34,35,36,37,38,39,40,41,42,43,44,45,46,47,48,49,50,67,68,69,70,71,72,73,74,75,76,77,78,79,80,81,82,83,84,85,86,87,88,89,90,91,92,93,94,95,96,97,98,99,100,101,102,103,104,105,106,107,108,109,110,111,112,113,114,115,116,117,118,119,120,121,122,123,124,125,126,127,128,129,130,131,132,133,134,135,136,137,138
,PRIS,0.4,0.2,51,52,53,54,55,56,57,58,59,60,61,62,63,64,65,66,139,140,141,142,143,144,145,146,147,148,149,150,151,152,153,154,155,156,157,158,159,160,161,162,163,164,165,166,167,168,169,170,171,172,173,174,175,176,177,178,179,180,181,182,183,184,185,186
CONCRETE DESIGN INFORMATION
CODE ,
LOAD

DESIGN COLUMN
